114.000000,0.000000,37.680000
112.570001,9.848599,37.680000
110.298468,19.448596,37.680000
112.047396,30.023009,37.680000
108.064651,39.332316,37.680000
101.506472,47.333245,37.680000
96.994845,56.000000,37.680000
90.106725,63.093408,37.680000
84.264889,70.706637,37.680000
76.367532,76.367532,37.680000
68.778274,81.966755,37.680000
63.093408,90.106725,37.680000
53.500000,92.664718,37.680000
46.065391,98.787549,37.680000
36.938175,101.486803,37.680000
27.176000,101.422212,37.680000
18.580355,105.374430,37.680000
9.587132,109.581417,37.680000
0.000000,108.000000,37.680000
-9.151353,104.600443,37.680000
-18.580355,105.374430,37.680000
-28.211276,105.285915,37.680000
-37.964236,104.305881,37.680000
-49.023718,105.131703,37.680000
-57.000000,98.726896,37.680000
-66.534867,95.021637,37.680000
-77.134513,91.925333,37.680000
-83.438600,83.438600,37.680000
-90.393244,75.848938,37.680000
-98.298245,68.829172,37.680000
-103.923048,60.000000,37.680000
-112.382166,52.404664,37.680000
-120.280655,43.778578,37.680000
-119.774802,32.093562,37.680000
-113.252892,19.969540,37.680000
-121.535753,10.633001,37.680000
-121.000000,0.000000,37.680000
-125.520532,-10.981624,37.680000
-122.116161,-21.532374,37.680000
-119.774802,-32.093562,37.680000
-119.340963,-43.436558,37.680000
-113.288473,-52.827283,37.680000
-106.521125,-61.500000,37.680000
-99.117397,-69.402749,37.680000
-94.989511,-79.705664,37.680000
-90.509668,-90.509668,37.680000
-81.634026,-97.287644,37.680000
-72.844207,-104.032310,37.680000
-62.500000,-108.253175,37.680000
-53.249901,-114.194781,37.680000
-41.384437,-113.702807,37.680000
-33.646476,-125.570357,37.680000
-21.532374,-122.116161,37.680000
-10.894468,-124.524337,37.680000
-0.000000,-122.000000,37.680000
10.807312,-123.528143,37.680000
21.011429,-119.161738,37.680000
31.058285,-115.911099,37.680000
41.384437,-113.702807,37.680000
50.291573,-107.850627,37.680000
60.000000,-103.923048,37.680000
68.829172,-98.298245,37.680000
73.920575,-88.095111,37.680000
84.145707,-84.145707,37.680000
90.393244,-75.848938,37.680000
97.479093,-68.255596,37.680000
103.923048,-60.000000,37.680000
107.850627,-50.291573,37.680000
111.823422,-40.700397,37.680000
114.945173,-30.799466,37.680000
113.252892,-19.969540,37.680000
112.570001,-9.848599,37.680000
117.000000,0.000000,42.680000
116.554780,10.197222,42.680000
112.268084,19.795892,42.680000
112.047396,30.023009,42.680000
111.823422,40.700397,42.680000
104.225396,48.601100,42.680000
97.860871,56.500000,42.680000
89.287573,62.519832,42.680000
86.563022,72.635000,42.680000
78.488853,78.488853,42.680000
72.635000,86.563022,42.680000
63.666984,90.925877,42.680000
56.500000,97.860871,42.680000
46.065391,98.787549,42.680000
39.332316,108.064651,42.680000
28.987733,108.183693,42.680000
18.580355,105.374430,42.680000
9.848599,112.570001,42.680000
0.000000,114.000000,42.680000
-9.499976,108.585222,42.680000
-19.274948,109.313661,42.680000
-28.728914,107.217767,42.680000
-38.990296,107.124959,42.680000
-46.065391,98.787549,42.680000
-56.500000,97.860871,42.680000
-64.814137,92.564181,42.680000
-71.349425,85.030933,42.680000
-76.367532,76.367532,42.680000
-85.796978,71.992212,42.680000
-90.925877,63.666984,42.680000
-98.726896,57.000000,42.680000
-101.506472,47.333245,42.680000
-105.245574,38.306256,42.680000
-106.251841,28.470095,42.680000
-106.359237,18.754003,42.680000
-109.581417,9.587132,42.680000
-110.000000,0.000000,42.680000
-112.570001,-9.848599,42.680000
-111.283276,-19.622244,42.680000
-110.115544,-29.505371,42.680000
-105.245574,-38.306256,42.680000
-98.787549,-46.065391,42.680000
-98.726896,-57.000000,42.680000
-90.106725,-63.093408,42.680000
-85.796978,-71.992212,42.680000
-79.195959,-79.195959,42.680000
-71.349425,-85.030933,42.680000
-63.666984,-90.925877,42.680000
-57.000000,-98.726896,42.680000
-47.333245,-101.506472,42.680000
-38.990296,-107.124959,42.680000
-29.505371,-110.115544,42.680000
-19.622244,-111.283276,42.680000
-9.848599,-112.570001,42.680000
-0.000000,-111.000000,42.680000
10.022910,-114.562390,42.680000
19.969540,-113.252892,42.680000
28.987733,-108.183693,42.680000
37.964236,-104.305881,42.680000
46.910627,-100.600164,42.680000
54.500000,-94.396769,42.680000
62.519832,-89.287573,42.680000
70.706637,-84.264889,42.680000
80.610173,-80.610173,42.680000
81.966755,-68.778274,42.680000
90.925877,-63.666984,42.680000
95.262794,-55.000000,42.680000
102.412780,-47.755864,42.680000
109.944037,-40.016357,42.680000
113.013322,-30.281828,42.680000
118.176930,-20.837781,42.680000
116.554780,-10.197222,42.680000
123.000000,0.000000,47.680000
125.520532,10.981624,47.680000
123.100969,21.706022,47.680000
118.808877,31.834743,47.680000
116.521885,42.410498,47.680000
114.194781,53.249901,47.680000
109.119201,63.000000,47.680000
96.659941,67.682019,47.680000
94.223467,79.062876,47.680000
89.802561,89.802561,47.680000
81.634026,97.287644,47.680000
73.417784,104.851462,47.680000
66.500000,115.181379,47.680000
52.404664,112.382166,47.680000
44.120598,121.220348,47.680000
33.905295,126.536283,47.680000
21.706022,123.100969,47.680000
11.243091,128.509116,47.680000
0.000000,128.000000,47.680000
-11.068779,126.516727,47.680000
-23.095208,130.979431,47.680000
-33.128838,123.638506,47.680000
-45.146659,124.039426,47.680000
-54.940374,117.820012,47.680000
-64.500000,111.717277,47.680000
-73.417784,104.851462,47.680000
-82.919602,98.819733,47.680000
-88.388348,88.388348,47.680000
-98.053689,82.276814,47.680000
-101.574853,71.123478,47.680000
-103.923048,60.000000,47.680000
-110.569550,51.559428,47.680000
-114.642500,41.726457,47.680000
-122.672580,32.870019,47.680000
-122.116161,21.532374,47.680000
-120.539558,10.545845,47.680000
-124.000000,0.000000,47.680000
-126.516727,-11.068779,47.680000
-124.085777,-21.879670,47.680000
-114.945173,-30.799466,47.680000
-116.521885,-42.410498,47.680000
-107.850627,-50.291573,47.680000
-104.789074,-60.500000,47.680000
-99.936549,-69.976325,47.680000
-87.329067,-73.277788,47.680000
-82.731493,-82.731493,47.680000
-77.777301,-92.691378,47.680000
-67.108443,-95.840789,47.680000
-60.000000,-103.923048,47.680000
-50.714191,-108.756934,47.680000
-40.358377,-110.883729,47.680000
-30.281828,-113.013322,47.680000
-19.448596,-110.298468,47.680000
-9.848599,-112.570001,47.680000
-0.000000,-115.000000,47.680000
10.110066,-115.558585,47.680000
18.927651,-107.344045,47.680000
28.728914,-107.217767,47.680000
38.648276,-106.185266,47.680000
46.065391,-98.787549,47.680000
56.000000,-96.994845,47.680000
65.961290,-94.202485,47.680000
71.349425,-85.030933,47.680000
78.488853,-78.488853,47.680000
85.030933,-71.349425,47.680000
91.745029,-64.240561,47.680000
100.458947,-58.000000,47.680000
101.506472,-47.333245,47.680000
109.004344,-39.674337,47.680000
112.047396,-30.023009,47.680000
115.222507,-20.316837,47.680000
123.528143,-10.807312,47.680000
123.000000,0.000000,52.680000
125.520532,10.981624,52.680000
125.070585,22.053319,52.680000
121.706654,32.611200,52.680000
124.039426,45.146659,52.680000
114.194781,53.249901,52.680000
109.985226,63.500000,52.680000
99.936549,69.976325,52.680000
97.287644,81.634026,52.680000
89.095454,89.095454,52.680000
79.705664,94.989511,52.680000
72.270631,103.213158,52.680000
63.000000,109.119201,52.680000
52.827283,113.288473,52.680000
44.462619,122.160041,52.680000
33.128838,123.638506,52.680000
22.747911,129.009816,52.680000
11.155935,127.512921,52.680000
0.000000,132.000000,52.680000
-11.417402,130.501505,52.680000
-22.226967,126.055392,52.680000
-33.387657,124.604432,52.680000
-44.462619,122.160041,52.680000
-54.095138,116.007397,52.680000
-63.500000,109.985226,52.680000
-74.564937,106.489766,52.680000
-78.420088,93.457422,52.680000
-88.388348,88.388348,52.680000
-98.819733,82.919602,52.680000
-105.670614,73.991360,52.680000
-107.387150,62.000000,52.680000
-115.101089,53.672519,52.680000
-119.340963,43.436558,52.680000
-116.877025,31.317104,52.680000
-123.100969,21.706022,52.680000
-123.528143,10.807312,52.680000
-125.000000,0.000000,52.680000
-124.524337,-10.894468,52.680000
-121.131354,-21.358726,52.680000
-121.706654,-32.611200,52.680000
-115.582192,-42.068478,52.680000
-111.475858,-51.982046,52.680000
-105.655099,-61.000000,52.680000
-97.479093,-68.255596,52.680000
-88.861155,-74.563363,52.680000
-80.610173,-80.610173,52.680000
-77.134513,-91.925333,52.680000
-69.976325,-99.936549,52.680000
-61.500000,-106.521125,52.680000
-48.178482,-103.319088,52.680000
-41.384437,-113.702807,52.680000
-30.281828,-113.013322,52.680000
-19.795892,-112.268084,52.680000
-10.110066,-115.558585,52.680000
-0.000000,-114.000000,52.680000
10.022910,-114.562390,52.680000
20.664133,-117.192123,52.680000
30.281828,-113.013322,52.680000
38.306256,-105.245574,52.680000
48.178482,-103.319088,52.680000
57.500000,-99.592921,52.680000
64.240561,-91.745029,52.680000
75.206150,-89.627200,52.680000
82.024387,-82.024387,52.680000
89.627200,-75.206150,52.680000
95.840789,-67.108443,52.680000
98.726896,-57.000000,52.680000
103.319088,-48.178482,52.680000
111.823422,-40.700397,52.680000
117.842951,-31.575924,52.680000
118.176930,-20.837781,52.680000
124.524337,-10.894468,52.680000
128.000000,0.000000,57.680000
126.516727,11.068779,57.680000
127.040200,22.400615,57.680000
125.570357,33.646476,57.680000
123.099733,44.804639,57.680000
119.632628,55.785611,57.680000
114.315353,66.000000,57.680000
104.851462,73.417784,57.680000
101.117866,84.847964,57.680000
93.338095,93.338095,57.680000
85.490752,101.883911,57.680000
72.270631,103.213158,57.680000
65.500000,113.449328,57.680000
56.208229,120.538936,57.680000
46.514739,127.798196,57.680000
33.905295,126.536283,57.680000
22.921559,129.994623,57.680000
11.330247,129.505311,57.680000
0.000000,129.000000,57.680000
-11.678870,133.490090,57.680000
-23.442504,132.949047,57.680000
-34.164114,127.502209,57.680000
-44.804639,123.099733,57.680000
-55.785611,119.632628,57.680000
-67.500000,116.913430,57.680000
-74.564937,106.489766,57.680000
-86.133540,102.649955,57.680000
-92.630988,92.630988,57.680000
-98.053689,82.276814,57.680000
-107.308918,75.138513,57.680000
-109.119201,63.000000,57.680000
-116.913705,54.517756,57.680000
-121.220348,44.120598,57.680000
-123.638506,33.128838,57.680000
-127.040200,22.400615,57.680000
-129.505311,11.330247,57.680000
-125.000000,0.000000,57.680000
-127.512921,-11.155935,57.680000
-126.055392,-22.226967,57.680000
-119.774802,-32.093562,57.680000
-120.280655,-43.778578,57.680000
-113.288473,-52.827283,57.680000
-108.253175,-62.500000,57.680000
-104.032310,-72.844207,57.680000
-88.095111,-73.920575,57.680000
-86.267027,-86.267027,57.680000
-76.491726,-91.159289,57.680000
-69.976325,-99.936549,57.680000
-59.000000,-102.190998,57.680000
-50.714191,-108.756934,57.680000
-40.016357,-109.944037,57.680000
-30.799466,-114.945173,57.680000
-20.490485,-116.207315,57.680000
-10.371533,-118.547169,57.680000
-0.000000,-116.000000,57.680000
10.284378,-117.550974,57.680000
19.795892,-112.268084,57.680000
29.764190,-111.081470,57.680000
39.674337,-109.004344,57.680000
47.333245,-101.506472,57.680000
58.500000,-101.324972,57.680000
68.255596,-97.479093,57.680000
74.563363,-88.861155,57.680000
79.903066,-79.903066,57.680000
88.095111,-73.920575,57.680000
95.840789,-67.108443,57.680000
101.324972,-58.500000,57.680000
109.663242,-51.136810,57.680000
112.763114,-41.042417,57.680000
114.945173,-30.799466,57.680000
121.131354,-21.358726,57.680000
124.524337,-10.894468,57.680000
127.000000,0.000000,62.680000
123.528143,10.807312,62.680000
130.979431,23.095208,62.680000
124.604432,33.387657,62.680000
121.220348,44.120598,62.680000
116.913705,54.517756,62.680000
112.583302,65.000000,62.680000
106.489766,74.564937,62.680000
96.521600,80.991239,62.680000
92.630988,92.630988,62.680000
82.919602,98.819733,62.680000
73.417784,104.851462,62.680000
63.500000,109.985226,62.680000
54.095138,116.007397,62.680000
45.830699,125.918811,62.680000
33.905295,126.536283,62.680000
23.095208,130.979431,62.680000
11.591714,132.493895,62.680000
0.000000,130.000000,62.680000
-11.417402,130.501505,62.680000
-22.574263,128.025008,62.680000
-34.422933,128.468135,62.680000
-44.462619,122.160041,62.680000
-55.785611,119.632628,62.680000
-64.000000,110.851252,62.680000
-73.991360,105.670614,62.680000
-86.133540,102.649955,62.680000
-92.630988,92.630988,62.680000
-96.521600,80.991239,62.680000
-109.766374,76.859242,62.680000
-112.583302,65.000000,62.680000
-115.101089,53.672519,62.680000
-121.220348,44.120598,62.680000
-120.740728,32.352381,62.680000
-124.085777,21.879670,62.680000
-120.539558,10.545845,62.680000
-128.000000,0.000000,62.680000
-130.501505,-11.417402,62.680000
-126.055392,-22.226967,62.680000
-122.672580,-32.870019,62.680000
-119.340963,-43.436558,62.680000
-116.007397,-54.095138,62.680000
-110.851252,-64.000000,62.680000
-102.394006,-71.697055,62.680000
-89.627200,-75.206150,62.680000
-86.267027,-86.267027,62.680000
-80.348451,-95.755555,62.680000
-71.697055,-102.394006,62.680000
-62.500000,-108.253175,62.680000
-52.404664,-112.382166,62.680000
-40.358377,-110.883729,62.680000
-31.317104,-116.877025,62.680000
-20.143189,-114.237699,62.680000
-10.371533,-118.547169,62.680000
-0.000000,-120.000000,62.680000
10.197222,-116.554780,62.680000
20.490485,-116.207315,62.680000
31.058285,-115.911099,62.680000
40.358377,-110.883729,62.680000
51.136810,-109.663242,62.680000
56.500000,-97.860871,62.680000
68.255596,-97.479093,62.680000
74.563363,-88.861155,62.680000
83.438600,-83.438600,62.680000
89.627200,-75.206150,62.680000
97.479093,-68.255596,62.680000
101.324972,-58.500000,62.680000
106.944319,-49.868955,62.680000
114.642500,-41.726457,62.680000
114.945173,-30.799466,62.680000
119.161738,-21.011429,62.680000
122.531948,-10.720156,62.680000
129.000000,0.000000,67.680000
128.509116,11.243091,67.680000
131.964239,23.268856,67.680000
128.468135,34.422933,67.680000
125.918811,45.830699,67.680000
121.445243,56.630847,67.680000
116.047404,67.000000,67.680000
108.947222,76.285666,67.680000
104.948089,88.061903,67.680000
94.752309,94.752309,67.680000
89.990265,107.246222,67.680000
80.300701,114.681286,67.680000
68.500000,118.645480,67.680000
57.898702,124.164167,67.680000
46.172719,126.858504,67.680000
34.681752,129.434061,67.680000
24.484393,138.857893,67.680000
12.201804,139.467258,67.680000
0.000000,139.000000,67.680000
-11.853181,135.482479,67.680000
-22.747911,129.009816,67.680000
-36.234666,135.229616,67.680000
-47.540800,130.617274,67.680000
-57.476084,123.257859,67.680000
-70.000000,121.243557,67.680000
-78.579972,112.223830,67.680000
-86.776327,103.416000,67.680000
-98.287843,98.287843,67.680000
-106.480178,89.347478,67.680000
-107.308918,75.138513,67.680000
-115.181379,66.500000,67.680000
-119.632628,55.785611,67.680000
-124.979119,45.488679,67.680000
-126.536283,33.905295,67.680000
-129.009816,22.747911,67.680000
-132.493895,11.591714,67.680000
-130.000000,0.000000,67.680000
-131.497700,-11.504558,67.680000
-126.055392,-22.226967,67.680000
-123.638506,-33.128838,67.680000
-119.340963,-43.436558,67.680000
-116.007397,-54.095138,67.680000
-108.253175,-62.500000,67.680000
-104.032310,-72.844207,67.680000
-91.159289,-76.491726,67.680000
-86.267027,-86.267027,67.680000
-78.420088,-93.457422,67.680000
-72.844207,-104.032310,67.680000
-60.000000,-103.923048,67.680000
-53.249901,-114.194781,67.680000
-42.068478,-115.582192,67.680000
-32.352381,-120.740728,67.680000
-21.011429,-119.161738,67.680000
-10.458689,-119.543364,67.680000
-0.000000,-120.000000,67.680000
10.458689,-119.543364,67.680000
21.358726,-121.131354,67.680000
32.093562,-119.774802,67.680000
41.042417,-112.763114,67.680000
51.559428,-110.569550,67.680000
60.000000,-103.923048,67.680000
69.402749,-99.117397,67.680000
77.777301,-92.691378,67.680000
84.852814,-84.852814,67.680000
91.925333,-77.134513,67.680000
98.298245,-68.829172,67.680000
105.655099,-61.000000,67.680000
116.007397,-54.095138,67.680000
117.461578,-42.752518,67.680000
122.672580,-32.870019,67.680000
123.100969,-21.706022,67.680000
128.509116,-11.243091,67.680000
133.000000,0.000000,72.680000
131.497700,11.504558,72.680000
133.933854,23.616152,72.680000
134.263690,35.975847,72.680000
127.798196,46.514739,72.680000
122.351551,57.053465,72.680000
116.913430,67.500000,72.680000
110.585526,77.432819,72.680000
107.246222,89.990265,72.680000
96.166522,96.166522,72.680000
86.776327,103.416000,72.680000
81.447854,116.319590,72.680000
67.500000,116.913430,72.680000
60.857030,130.508321,72.680000
47.882820,131.556967,72.680000
36.752304,137.161467,72.680000
24.310745,137.873085,72.680000
12.288960,140.463452,72.680000
0.000000,141.000000,72.680000
-12.027492,137.474868,72.680000
-24.137097,136.888278,72.680000
-36.234666,135.229616,72.680000
-48.224840,132.496660,72.680000
-57.476084,123.257859,72.680000
-68.000000,117.779455,72.680000
-79.727125,113.862134,72.680000
-86.776327,103.416000,72.680000
-96.166522,96.166522,72.680000
-103.416000,86.776327,72.680000
-112.223830,78.579972,72.680000
-116.913430,67.500000,72.680000
-123.257859,57.476084,72.680000
-122.160041,44.462619,72.680000
-129.434061,34.681752,72.680000
-132.949047,23.442504,72.680000
-129.505311,11.330247,72.680000
-129.000000,0.000000,72.680000
-131.497700,-11.504558,72.680000
-130.979431,-23.095208,72.680000
-128.468135,-34.422933,72.680000
-124.039426,-45.146659,72.680000
-122.351551,-57.053465,72.680000
-112.583302,-65.000000,72.680000
-106.489766,-74.564937,72.680000
-89.627200,-75.206150,72.680000
-83.438600,-83.438600,72.680000
-82.919602,-98.819733,72.680000
-73.417784,-104.851462,72.680000
-62.500000,-108.253175,72.680000
-51.982046,-111.475858,72.680000
-41.726457,-114.642500,72.680000
-31.317104,-116.877025,72.680000
-21.011429,-119.161738,72.680000
-10.458689,-119.543364,72.680000
-0.000000,-123.000000,72.680000
10.545845,-120.539558,72.680000
21.011429,-119.161738,72.680000
32.093562,-119.774802,72.680000
41.042417,-112.763114,72.680000
51.136810,-109.663242,72.680000
61.500000,-106.521125,72.680000
69.402749,-99.117397,72.680000
79.062876,-94.223467,72.680000
84.852814,-84.852814,72.680000
92.691378,-77.777301,72.680000
100.755701,-70.549902,72.680000
107.387150,-62.000000,72.680000
114.194781,-53.249901,72.680000
119.340963,-43.436558,72.680000
124.604432,-33.387657,72.680000
129.009816,-22.747911,72.680000
130.501505,-11.417402,72.680000
136.000000,0.000000,77.680000
133.490090,11.678870,77.680000
133.933854,23.616152,77.680000
128.468135,34.422933,77.680000
128.737889,46.856760,77.680000
119.632628,55.785611,77.680000
115.181379,66.500000,77.680000
112.223830,78.579972,77.680000
101.883911,85.490752,77.680000
94.045202,94.045202,77.680000
84.847964,101.117866,77.680000
79.153548,113.042982,77.680000
67.500000,116.913430,77.680000
55.785611,119.632628,77.680000
46.514739,127.798196,77.680000
34.940571,130.399987,77.680000
24.137097,136.888278,77.680000
12.201804,139.467258,77.680000
0.000000,141.000000,77.680000
-12.027492,137.474868,77.680000
-24.484393,138.857893,77.680000
-34.681752,129.434061,77.680000
-49.250901,135.315737,77.680000
-60.011793,128.695706,77.680000
-70.000000,121.243557,77.680000
-75.712090,108.128070,77.680000
-91.275841,108.778311,77.680000
-94.752309,94.752309,77.680000
-105.714133,88.704690,77.680000
-110.585526,77.432819,77.680000
-117.779455,68.000000,77.680000
-116.007397,54.095138,77.680000
-124.979119,45.488679,77.680000
-131.365912,35.199390,77.680000
-128.025008,22.574263,77.680000
-134.486284,11.766025,77.680000
-133.000000,0.000000,77.680000
-129.505311,-11.330247,77.680000
-127.040200,-22.400615,77.680000
-126.536283,-33.905295,77.680000
-124.039426,-45.146659,77.680000
-120.538936,-56.208229,77.680000
-110.851252,-64.000000,77.680000
-104.851462,-73.417784,77.680000
-88.861155,-74.563363,77.680000
-84.852814,-84.852814,77.680000
-82.919602,-98.819733,77.680000
-73.417784,-104.851462,77.680000
-62.500000,-108.253175,77.680000
-53.249901,-114.194781,77.680000
-41.726457,-114.642500,77.680000
-31.834743,-118.808877,77.680000
-22.053319,-125.070585,77.680000
-10.720156,-122.531948,77.680000
-0.000000,-122.000000,77.680000
10.633001,-121.535753,77.680000
20.837781,-118.176930,77.680000
32.093562,-119.774802,77.680000
41.726457,-114.642500,77.680000
51.136810,-109.663242,77.680000
62.500000,-108.253175,77.680000
71.123478,-101.574853,77.680000
77.777301,-92.691378,77.680000
84.852814,-84.852814,77.680000
94.989511,-79.705664,77.680000
98.298245,-68.829172,77.680000
109.119201,-63.000000,77.680000
116.913705,-54.517756,77.680000
117.461578,-42.752518,77.680000
127.502209,-34.164114,77.680000
129.994623,-22.921559,77.680000
136.478674,-11.940337,77.680000
140.000000,0.000000,82.680000
143.452037,12.550427,82.680000
129.009816,22.747911,82.680000
131.365912,35.199390,82.680000
124.979119,45.488679,82.680000
117.820012,54.940374,82.680000
116.047404,67.000000,82.680000
108.128070,75.712090,82.680000
101.117866,84.847964,82.680000
95.459415,95.459415,82.680000
84.205177,100.351822,82.680000
76.285666,108.947222,82.680000
66.500000,115.181379,82.680000
56.630847,121.445243,82.680000
47.882820,131.556967,82.680000
35.199390,131.365912,82.680000
24.137097,136.888278,82.680000
12.027492,137.474868,82.680000
0.000000,140.000000,82.680000
-11.853181,135.482479,82.680000
-24.310745,137.873085,82.680000
-37.011123,138.127393,82.680000
-47.198780,129.677582,82.680000
-57.476084,123.257859,82.680000
-69.500000,120.377531,82.680000
-78.579972,112.223830,82.680000
-88.704690,105.714133,82.680000
-97.580736,97.580736,82.680000
-106.480178,89.347478,82.680000
-113.042982,79.153548,82.680000
-118.645480,68.500000,82.680000
-123.257859,57.476084,82.680000
-127.798196,46.514739,82.680000
-128.468135,34.422933,82.680000
-131.964239,23.268856,82.680000
-136.478674,11.940337,82.680000
-133.000000,0.000000,82.680000
-131.497700,-11.504558,82.680000
-131.964239,-23.268856,82.680000
-131.365912,-35.199390,82.680000
-124.039426,-45.146659,82.680000
-116.913705,-54.517756,82.680000
-114.315353,-66.000000,82.680000
-105.670614,-73.991360,82.680000
-91.925333,-77.134513,82.680000
-86.267027,-86.267027,82.680000
-82.276814,-98.053689,82.680000
-78.006395,-111.404678,82.680000
-62.500000,-108.253175,82.680000
-55.785611,-119.632628,82.680000
-44.120598,-121.220348,82.680000
-32.611200,-121.706654,82.680000
-21.706022,-123.100969,82.680000
-10.633001,-121.535753,82.680000
-0.000000,-125.000000,82.680000
11.068779,-126.516727,82.680000
21.532374,-122.116161,82.680000
32.352381,-120.740728,82.680000
44.804639,-123.099733,82.680000
52.404664,-112.382166,82.680000
62.500000,-108.253175,82.680000
72.844207,-104.032310,82.680000
79.062876,-94.223467,82.680000
86.974134,-86.974134,82.680000
94.223467,-79.062876,82.680000
102.394006,-71.697055,82.680000
111.717277,-64.500000,82.680000
110.569550,-51.559428,82.680000
120.280655,-43.778578,82.680000
127.502209,-34.164114,82.680000
131.964239,-23.268856,82.680000
131.497700,-11.504558,82.680000
134.000000,0.000000,87.680000
130.501505,11.417402,87.680000
133.933854,23.616152,87.680000
139.093319,37.269942,87.680000
125.918811,45.830699,87.680000
125.070475,58.321320,87.680000
121.243557,70.000000,87.680000
114.681286,80.300701,87.680000
105.714133,88.704690,87.680000
96.166522,96.166522,87.680000
89.990265,107.246222,87.680000
79.153548,113.042982,87.680000
70.500000,122.109582,87.680000
59.589175,127.789398,87.680000
48.224840,132.496660,87.680000
36.234666,135.229616,87.680000
23.442504,132.949047,87.680000
12.201804,139.467258,87.680000
0.000000,137.000000,87.680000
-12.114648,138.471063,87.680000
-25.005338,141.812316,87.680000
-37.269942,139.093319,87.680000
-48.908880,134.376045,87.680000
-59.589175,127.789398,87.680000
-71.000000,122.975607,87.680000
-79.727125,113.862134,87.680000
-89.990265,107.246222,87.680000
-97.580736,97.580736,87.680000
-107.246222,89.990265,87.680000
-114.681286,80.300701,87.680000
-117.779455,68.000000,87.680000
-125.070475,58.321320,87.680000
-129.677582,47.198780,87.680000
-131.365912,35.199390,87.680000
-137.873085,24.310745,87.680000
-136.478674,11.940337,87.680000
-136.000000,0.000000,87.680000
-134.486284,-11.766025,87.680000
-131.964239,-23.268856,87.680000
-124.604432,-33.387657,87.680000
-126.858504,-46.172719,87.680000
-123.257859,-57.476084,87.680000
-119.511506,-69.000000,87.680000
-108.947222,-76.285666,87.680000
-97.287644,-81.634026,87.680000
-91.216775,-91.216775,87.680000
-84.847964,-101.117866,87.680000
-76.285666,-108.947222,87.680000
-66.000000,-114.315353,87.680000
-56.630847,-121.445243,87.680000
-43.778578,-120.280655,87.680000
-33.128838,-123.638506,87.680000
-22.400615,-127.040200,87.680000
-11.068779,-126.516727,87.680000
-0.000000,-126.000000,87.680000
11.591714,-132.493895,87.680000
22.053319,-125.070585,87.680000
33.128838,-123.638506,87.680000
45.146659,-124.039426,87.680000
53.672519,-115.101089,87.680000
63.500000,-109.985226,87.680000
72.844207,-104.032310,87.680000
80.348451,-95.755555,87.680000
89.095454,-89.095454,87.680000
98.053689,-82.276814,87.680000
100.755701,-70.549902,87.680000
111.717277,-64.500000,87.680000
114.194781,-53.249901,87.680000
124.039426,-45.146659,87.680000
137.161467,-36.752304,87.680000
132.949047,-23.442504,87.680000
133.490090,-11.678870,87.680000
142.000000,0.000000,92.680000
135.482479,11.853181,92.680000
133.933854,23.616152,92.680000
133.297764,35.717028,92.680000
133.436352,48.566860,92.680000
126.883090,59.166557,92.680000
119.511506,69.000000,92.680000
116.319590,81.447854,92.680000
104.948089,88.061903,92.680000
96.166522,96.166522,92.680000
89.990265,107.246222,92.680000
82.595007,117.957894,92.680000
72.500000,125.573684,92.680000
57.476084,123.257859,92.680000
49.592921,136.255430,92.680000
37.269942,139.093319,92.680000
25.699930,145.751547,92.680000
12.201804,139.467258,92.680000
0.000000,141.000000,92.680000
-12.463271,142.455842,92.680000
-25.005338,141.812316,92.680000
-37.269942,139.093319,92.680000
-47.540800,130.617274,92.680000
-59.166557,126.883090,92.680000
-74.500000,129.037785,92.680000
-81.447854,116.319590,92.680000
-91.275841,108.778311,92.680000
-98.994949,98.994949,92.680000
-111.842489,93.846991,92.680000
-114.681286,80.300701,92.680000
-122.109582,70.500000,92.680000
-126.883090,59.166557,92.680000
-130.617274,47.540800,92.680000
-133.297764,35.717028,92.680000
-139.842701,24.658041,92.680000
-139.467258,12.201804,92.680000
-140.000000,0.000000,92.680000
-135.482479,-11.853181,92.680000
-133.933854,-23.616152,92.680000
-127.502209,-34.164114,92.680000
-130.617274,-47.540800,92.680000
-126.883090,-59.166557,92.680000
-119.511506,-69.000000,92.680000
-107.308918,-75.138513,92.680000
-98.819733,-82.919602,92.680000
-93.338095,-93.338095,92.680000
-89.347478,-106.480178,92.680000
-79.153548,-113.042982,92.680000
-68.000000,-117.779455,92.680000
-55.362992,-118.726320,92.680000
-45.830699,-125.918811,92.680000
-32.611200,-121.706654,92.680000
-22.747911,-129.009816,92.680000
-11.243091,-128.509116,92.680000
-0.000000,-131.000000,92.680000
11.591714,-132.493895,92.680000
23.268856,-131.964239,92.680000
33.387657,-124.604432,92.680000
43.778578,-120.280655,92.680000
54.517756,-116.913705,92.680000
68.000000,-117.779455,92.680000
74.564937,-106.489766,92.680000
83.562389,-99.585778,92.680000
90.509668,-90.509668,92.680000
101.117866,-84.847964,92.680000
105.670614,-73.991360,92.680000
113.449328,-65.500000,92.680000
118.726320,-55.362992,92.680000
129.677582,-47.198780,92.680000
130.399987,-34.940571,92.680000
135.903470,-23.963449,92.680000
134.486284,-11.766025,92.680000
144.000000,0.000000,97.680000
138.471063,12.114648,97.680000
135.903470,23.963449,97.680000
129.434061,34.681752,97.680000
129.677582,47.198780,97.680000
123.257859,57.476084,97.680000
122.109582,70.500000,97.680000
113.042982,79.153548,97.680000
110.310400,92.561416,97.680000
100.409163,100.409163,97.680000
89.990265,107.246222,97.680000
83.168583,118.777046,97.680000
74.000000,128.171760,97.680000
62.970121,135.039860,97.680000
48.908880,134.376045,97.680000
36.234666,135.229616,97.680000
25.352634,143.781932,97.680000
12.463271,142.455842,97.680000
0.000000,142.000000,97.680000
-12.899050,147.436815,97.680000
-24.831689,140.827509,97.680000
-38.046400,141.991096,97.680000
-49.250901,135.315737,97.680000
-63.392739,135.946168,97.680000
-69.500000,120.377531,97.680000
-83.168583,118.777046,97.680000
-96.418141,114.906666,97.680000
-101.823376,101.823376,97.680000
-108.778311,91.275841,97.680000
-117.138742,82.021430,97.680000
-123.841633,71.500000,97.680000
-125.976782,58.743938,97.680000
-135.315737,49.250901,97.680000
-141.025171,37.787581,97.680000
-145.751547,25.699930,97.680000
-142.455842,12.463271,97.680000
-135.000000,0.000000,97.680000
-146.440621,-12.811894,97.680000
-135.903470,-23.963449,97.680000
-134.263690,-35.975847,97.680000
-131.556967,-47.882820,97.680000
-121.445243,-56.630847,97.680000
-122.975607,-71.000000,97.680000
-112.223830,-78.579972,97.680000
-99.585778,-83.562389,97.680000
-93.338095,-93.338095,97.680000
-86.776327,-103.416000,97.680000
-78.579972,-112.223830,97.680000
-68.500000,-118.645480,97.680000
-57.476084,-123.257859,97.680000
-45.830699,-125.918811,97.680000
-34.422933,-128.468135,97.680000
-23.095208,-130.979431,97.680000
-11.591714,-132.493895,97.680000
-0.000000,-129.000000,97.680000
12.027492,-137.474868,97.680000
23.095208,-130.979431,97.680000
34.940571,-130.399987,97.680000
44.120598,-121.220348,97.680000
56.208229,-120.538936,97.680000
68.000000,-117.779455,97.680000
75.712090,-108.128070,97.680000
87.419115,-104.182044,97.680000
91.923882,-91.923882,97.680000
104.948089,-88.061903,97.680000
106.489766,-74.564937,97.680000
116.913430,-67.500000,97.680000
126.883090,-59.166557,97.680000
131.556967,-47.882820,97.680000
135.229616,-36.234666,97.680000
139.842701,-24.658041,97.680000
141.459647,-12.376115,97.680000
144.000000,0.000000,102.680000
138.471063,12.114648,102.680000
148.705971,26.220875,102.680000
134.263690,35.975847,102.680000
137.195123,49.934941,102.680000
127.789398,59.589175,102.680000
122.975607,71.000000,102.680000
120.415351,84.315736,102.680000
111.842489,93.846991,102.680000
97.580736,97.580736,102.680000
90.633053,108.012266,102.680000
86.610042,123.691959,102.680000
75.500000,130.769836,102.680000
60.857030,130.508321,102.680000
48.566860,133.436352,102.680000
37.011123,138.127393,102.680000
26.047227,147.721163,102.680000
12.724738,145.444426,102.680000
0.000000,146.000000,102.680000
-12.986206,148.433010,102.680000
-25.526282,144.766740,102.680000
-38.305219,142.957022,102.680000
-49.592921,136.255430,102.680000
-62.970121,135.039860,102.680000
-72.500000,125.573684,102.680000
-84.315736,120.415351,102.680000
-95.132566,113.374578,102.680000
-107.480231,107.480231,102.680000
-111.076444,93.204203,102.680000
-118.777046,83.168583,102.680000
-123.841633,71.500000,102.680000
-133.227245,62.124884,102.680000
-136.255430,49.592921,102.680000
-136.195542,36.493485,102.680000
-140.827509,24.831689,102.680000
-144.448231,12.637583,102.680000
-144.000000,0.000000,102.680000
-137.474868,-12.027492,102.680000
-137.873085,-24.310745,102.680000
-137.161467,-36.752304,102.680000
-129.677582,-47.198780,102.680000
-126.883090,-59.166557,102.680000
-121.243557,-70.000000,102.680000
-120.415351,-84.315736,102.680000
-106.480178,-89.347478,102.680000
-96.873629,-96.873629,102.680000
-91.918628,-109.544355,102.680000
-81.447854,-116.319590,102.680000
-70.000000,-121.243557,102.680000
-56.208229,-120.538936,102.680000
-46.172719,-126.858504,102.680000
-36.752304,-137.161467,102.680000
-23.789800,-134.918662,102.680000
-11.591714,-132.493895,102.680000
-0.000000,-136.000000,102.680000
12.027492,-137.474868,102.680000
23.268856,-131.964239,102.680000
33.905295,-126.536283,102.680000
47.540800,-130.617274,102.680000
57.476084,-123.257859,102.680000
67.500000,-116.913430,102.680000
79.727125,-113.862134,102.680000
87.419115,-104.182044,102.680000
92.630988,-92.630988,102.680000
102.649955,-86.133540,102.680000
115.500438,-80.874278,102.680000
120.377531,-69.500000,102.680000
123.257859,-57.476084,102.680000
130.617274,-47.540800,102.680000
133.297764,-35.717028,102.680000
141.812316,-25.005338,102.680000
141.459647,-12.376115,102.680000
145.000000,0.000000,107.680000
141.459647,12.376115,107.680000
140.827509,24.831689,107.680000
143.922948,38.564038,107.680000
134.376045,48.908880,107.680000
130.508321,60.857030,107.680000
125.573684,72.500000,107.680000
117.138742,82.021430,107.680000
111.076444,93.204203,107.680000
103.944697,103.944697,107.680000
93.846991,111.842489,107.680000
86.610042,123.691959,107.680000
75.000000,129.903811,107.680000
60.857030,130.508321,107.680000
49.250901,135.315737,107.680000
37.269942,139.093319,107.680000
25.352634,143.781932,107.680000
12.637583,144.448231,107.680000
0.000000,153.000000,107.680000
-13.247673,151.421594,107.680000
-26.394523,149.690778,107.680000
-39.858133,148.752577,107.680000
-51.987062,142.833278,107.680000
-65.083212,139.571399,107.680000
-74.500000,129.037785,107.680000
-85.462889,122.053655,107.680000
-93.204203,111.076444,107.680000
-103.237590,103.237590,107.680000
-115.672711,97.060929,107.680000
-118.777046,83.168583,107.680000
-128.171760,74.000000,107.680000
-133.227245,62.124884,107.680000
-134.376045,48.908880,107.680000
-140.059245,37.528762,107.680000
-146.736355,25.873578,107.680000
-148.433010,12.986206,107.680000
-146.000000,0.000000,107.680000
-150.425399,-13.160517,107.680000
-143.781932,-25.352634,107.680000
-138.127393,-37.011123,107.680000
-131.556967,-47.882820,107.680000
-135.946168,-63.392739,107.680000
-125.573684,-72.500000,107.680000
-116.319590,-81.447854,107.680000
-107.246222,-89.990265,107.680000
-98.994949,-98.994949,107.680000
-93.204203,-111.076444,107.680000
-79.153548,-113.042982,107.680000
-69.000000,-119.511506,107.680000
-58.743938,-125.976782,107.680000
-47.540800,-130.617274,107.680000
-35.717028,-133.297764,107.680000
-25.005338,-141.812316,107.680000
-11.853181,-135.482479,107.680000
-0.000000,-135.000000,107.680000
12.114648,-138.471063,107.680000
23.616152,-133.933854,107.680000
36.234666,-135.229616,107.680000
46.514739,-127.798196,107.680000
56.630847,-121.445243,107.680000
66.000000,-114.315353,107.680000
83.742160,-119.596198,107.680000
88.704690,-105.714133,107.680000
99.702056,-99.702056,107.680000
108.012266,-90.633053,107.680000
115.500438,-80.874278,107.680000
121.243557,-70.000000,107.680000
126.883090,-59.166557,107.680000
132.496660,-48.224840,107.680000
140.059245,-37.528762,107.680000
140.827509,-24.831689,107.680000
140.463452,-12.288960,107.680000
143.000000,0.000000,112.680000
145.444426,12.724738,112.680000
142.797124,25.178986,112.680000
141.025171,37.787581,112.680000
134.376045,48.908880,112.680000
130.508321,60.857030,112.680000
125.573684,72.500000,112.680000
121.234503,84.889313,112.680000
117.970844,98.989292,112.680000
107.480231,107.480231,112.680000
93.846991,111.842489,112.680000
84.889313,121.234503,112.680000
75.000000,129.903811,112.680000
64.237976,137.758784,112.680000
53.013122,145.652356,112.680000
39.340495,146.820726,112.680000
26.394523,149.690778,112.680000
12.899050,147.436815,112.680000
0.000000,152.000000,112.680000
-13.683452,156.402568,112.680000
-27.262764,154.614817,112.680000
-39.081676,145.854800,112.680000
-51.303021,140.953893,112.680000
-65.083212,139.571399,112.680000
-75.500000,130.769836,112.680000
-87.183618,124.511111,112.680000
-99.632080,118.736889,112.680000
-105.358910,105.358910,112.680000
-115.672711,97.060929,112.680000
-128.606871,90.051501,112.680000
-132.501887,76.500000,112.680000
-131.414629,61.279648,112.680000
-140.953893,51.303021,112.680000
-141.991096,38.046400,112.680000
-145.751547,25.699930,112.680000
-149.429205,13.073361,112.680000
-151.000000,0.000000,112.680000
-152.417789,-13.334829,112.680000
-149.690778,-26.394523,112.680000
-146.820726,-39.340495,112.680000
-140.953893,-51.303021,112.680000
-136.852476,-63.815358,112.680000
-130.769836,-75.500000,112.680000
-120.415351,-84.315736,112.680000
-109.544355,-91.918628,112.680000
-101.823376,-101.823376,112.680000
-94.489779,-112.608533,112.680000
-85.462889,-122.053655,112.680000
-73.500000,-127.305734,112.680000
-62.970121,-135.039860,112.680000
-48.908880,-134.376045,112.680000
-37.011123,-138.127393,112.680000
-25.005338,-141.812316,112.680000
-12.201804,-139.467258,112.680000
-0.000000,-145.000000,112.680000
12.811894,-146.440621,112.680000
24.484393,-138.857893,112.680000
36.234666,-135.229616,112.680000
48.566860,-133.436352,112.680000
60.857030,-130.508321,112.680000
71.500000,-123.841633,112.680000
82.021430,-117.138742,112.680000
94.489779,-112.608533,112.680000
100.409163,-100.409163,112.680000
108.012266,-90.633053,112.680000
118.777046,-83.168583,112.680000
122.975607,-71.000000,112.680000
135.039860,-62.970121,112.680000
139.074508,-50.618981,112.680000
140.059245,-37.528762,112.680000
146.736355,-25.873578,112.680000
148.433010,-12.986206,112.680000
152.000000,0.000000,117.680000
146.440621,12.811894,117.680000
153.630009,27.089116,117.680000
145.854800,39.081676,117.680000
140.953893,51.303021,117.680000
134.133552,62.547503,117.680000
135.099963,78.000000,117.680000
119.596198,83.742160,117.680000
118.736889,99.632080,117.680000
107.480231,107.480231,117.680000
97.060929,115.672711,117.680000
88.904348,126.968567,117.680000
75.500000,130.769836,117.680000
67.618922,145.009246,117.680000
55.065243,151.290512,117.680000
40.116952,149.718503,117.680000
26.220875,148.705971,117.680000
13.683452,156.402568,117.680000
0.000000,160.000000,117.680000
-13.596296,155.406373,117.680000
-28.131005,159.538856,117.680000
-41.152228,153.582206,117.680000
-55.065243,151.290512,117.680000
-65.083212,139.571399,117.680000
-80.000000,138.564065,117.680000
-90.051501,128.606871,117.680000
-99.632080,118.736889,117.680000
-107.480231,107.480231,117.680000
-117.970844,98.989292,117.680000
-129.426023,90.625077,117.680000
-131.635861,76.000000,117.680000
-137.758784,64.237976,117.680000
-144.712664,52.671102,117.680000
-146.820726,39.340495,117.680000
-150.675586,26.568171,117.680000
-150.425399,13.160517,117.680000
-153.000000,0.000000,117.680000
-153.413984,-13.421984,117.680000
-153.630009,-27.089116,117.680000
-141.991096,-38.046400,117.680000
-141.893586,-51.645042,117.680000
-136.852476,-63.815358,117.680000
-131.635861,-76.000000,117.680000
-120.415351,-84.315736,117.680000
-111.076444,-93.204203,117.680000
-107.480231,-107.480231,117.680000
-97.060929,-115.672711,117.680000
-88.904348,-126.968567,117.680000
-74.500000,-129.037785,117.680000
-61.702266,-132.320937,117.680000
-49.592921,-136.255430,117.680000
-37.011123,-138.127393,117.680000
-25.005338,-141.812316,117.680000
-12.288960,-140.463452,117.680000
-0.000000,-146.000000,117.680000
12.724738,-145.444426,117.680000
25.005338,-141.812316,117.680000
37.011123,-138.127393,117.680000
48.566860,-133.436352,117.680000
59.166557,-126.883090,117.680000
75.000000,-129.903811,117.680000
83.742160,-119.596198,117.680000
88.704690,-105.714133,117.680000
101.823376,-101.823376,117.680000
109.544355,-91.918628,117.680000
115.500438,-80.874278,117.680000
122.975607,-71.000000,117.680000
126.883090,-59.166557,117.680000
135.315737,-49.250901,117.680000
141.991096,-38.046400,117.680000
142.797124,-25.178986,117.680000
149.429205,-13.073361,117.680000
153.000000,0.000000,122.680000
148.433010,12.986206,122.680000
152.645202,26.915468,122.680000
138.127393,37.011123,122.680000
140.953893,51.303021,122.680000
135.946168,63.392739,122.680000
136.832014,79.000000,122.680000
122.053655,85.462889,122.680000
115.672711,97.060929,122.680000
101.116270,101.116270,122.680000
100.917655,120.268978,122.680000
88.330771,126.149415,122.680000
76.500000,132.501887,122.680000
68.041540,145.915554,122.680000
53.013122,145.652356,122.680000
39.858133,148.752577,122.680000
27.436412,155.599625,122.680000
12.811894,146.440621,122.680000
0.000000,153.000000,122.680000
-13.596296,155.406373,122.680000
-27.089116,153.630009,122.680000
-40.116952,149.718503,122.680000
-54.723223,150.350819,122.680000
-67.618922,145.009246,122.680000
-77.000000,133.367912,122.680000
-94.066536,134.340935,122.680000
-99.632080,118.736889,122.680000
-108.187338,108.187338,122.680000
-117.970844,98.989292,122.680000
-128.606871,90.051501,122.680000
-131.635861,76.000000,122.680000
-137.758784,64.237976,122.680000
-142.833278,51.987062,122.680000
-150.684429,40.375771,122.680000
-153.630009,27.089116,122.680000
-154.410178,13.509140,122.680000
-151.000000,0.000000,122.680000
-147.436815,-12.899050,122.680000
-150.675586,-26.568171,122.680000
